{"data":[{"opacity":0.5,"x":[-10.0,-9.797979797979798,-9.595959595959595,-9.393939393939394,-9.191919191919192,-8.98989898989899,-8.787878787878787,-8.585858585858587,-8.383838383838384,-8.181818181818182,-7.97979797979798,-7.777777777777778,-7.575757575757576,-7.373737373737374,-7.171717171717172,-6.96969696969697,-6.767676767676767,-6.565656565656566,-6.363636363636363,-6.161616161616162,-5.959595959595959,-5.757575757575758,-5.555555555555555,-5.353535353535354,-5.151515151515151,-4.94949494949495,-4.747474747474747,-4.545454545454546,-4.343434343434343,-4.141414141414141,-3.939393939393939,-3.7373737373737375,-3.5353535353535355,-3.333333333333333,-3.1313131313131315,-2.929292929292929,-2.727272727272727,-2.525252525252525,-2.323232323232323,-2.121212121212121,-1.9191919191919191,-1.7171717171717171,-1.5151515151515151,-1.3131313131313131,-1.1111111111111112,-0.9090909090909092,-0.7070707070707071,-0.5050505050505051,-0.303030303030303,-0.101010101010101,0.101010101010101,0.303030303030303,0.5050505050505051,0.7070707070707071,0.9090909090909092,1.1111111111111112,1.3131313131313131,1.5151515151515151,1.7171717171717171,1.9191919191919191,2.121212121212121,2.323232323232323,2.525252525252525,2.727272727272727,2.929292929292929,3.1313131313131315,3.333333333333333,3.5353535353535355,3.7373737373737375,3.939393939393939,4.141414141414141,4.343434343434343,4.545454545454546,4.747474747474747,4.94949494949495,5.151515151515151,5.353535353535354,5.555555555555555,5.757575757575758,5.959595959595959,6.161616161616162,6.363636363636363,6.565656565656566,6.767676767676767,6.96969696969697,7.171717171717172,7.373737373737374,7.575757575757576,7.777777777777778,7.97979797979798,8.181818181818182,8.383838383838384,8.585858585858587,8.787878787878787,8.98989898989899,9.191919191919192,9.393939393939394,9.595959595959595,9.797979797979798],"y":[-10.0,-9.797979797979798,-9.595959595959595,-9.393939393939394,-9.191919191919192,-8.98989898989899,-8.787878787878787,-8.585858585858587,-8.383838383838384,-8.181818181818182,-7.97979797979798,-7.777777777777778,-7.575757575757576,-7.373737373737374,-7.171717171717172,-6.96969696969697,-6.767676767676767,-6.565656565656566,-6.363636363636363,-6.161616161616162,-5.959595959595959,-5.757575757575758,-5.555555555555555,-5.353535353535354,-5.151515151515151,-4.94949494949495,-4.747474747474747,-4.545454545454546,-4.343434343434343,-4.141414141414141,-3.939393939393939,-3.7373737373737375,-3.5353535353535355,-3.333333333333333,-3.1313131313131315,-2.929292929292929,-2.727272727272727,-2.525252525252525,-2.323232323232323,-2.121212121212121,-1.9191919191919191,-1.7171717171717171,-1.5151515151515151,-1.3131313131313131,-1.1111111111111112,-0.9090909090909092,-0.7070707070707071,-0.5050505050505051,-0.303030303030303,-0.101010101010101,0.101010101010101,0.303030303030303,0.5050505050505051,0.7070707070707071,0.9090909090909092,1.1111111111111112,1.3131313131313131,1.5151515151515151,1.7171717171717171,1.9191919191919191,2.121212121212121,2.323232323232323,2.525252525252525,2.727272727272727,2.929292929292929,3.1313131313131315,3.333333333333333,3.5353535353535355,3.7373737373737375,3.939393939393939,4.141414141414141,4.343434343434343,4.545454545454546,4.747474747474747,4.94949494949495,5.151515151515151,5.353535353535354,5.555555555555555,5.757575757575758,5.959595959595959,6.161616161616162,6.363636363636363,6.565656565656566,6.767676767676767,6.96969696969697,7.171717171717172,7.373737373737374,7.575757575757576,7.777777777777778,7.97979797979798,8.181818181818182,8.383838383838384,8.585858585858587,8.787878787878787,8.98989898989899,9.191919191919192,9.393939393939394,9.595959595959595,9.797979797979798],"z":[[200.0,196.00040812162024,192.08244056728904,188.24609733700643,184.4913784307724,180.81828384858687,177.22681359044992,173.7169676563616,170.28874604632182,166.94214876033058,163.6771757983879,160.49382716049382,157.3921028466483,154.37200285685134,151.43352719110294,148.57667584940313,145.80144883175186,143.10784613814917,140.49586776859505,137.9655137230895,135.5167840016325,133.14967860422405,130.8641975308642,128.66034078155292,126.53810835629017,124.49750025507602,122.53851647791042,120.6611570247934,118.86542189572492,117.15131109070502,115.5188246097337,113.96796245281094,112.49872461993674,111.11111111111111,109.80512192633404,108.58075706560555,107.43801652892562,106.37690031629424,105.39740842771144,104.49954086317724,103.68329762269155,102.94867870625448,102.29568411386592,101.72431384552596,101.23456790123456,100.82644628099172,100.49994898479748,100.25507601265176,100.09182736455465,100.01020304050608,100.01020304050608,100.09182736455465,100.25507601265176,100.49994898479748,100.82644628099172,101.23456790123456,101.72431384552596,102.29568411386592,102.94867870625448,103.68329762269155,104.49954086317724,105.39740842771144,106.37690031629424,107.43801652892562,108.58075706560555,109.80512192633404,111.11111111111111,112.49872461993674,113.96796245281094,115.5188246097337,117.15131109070502,118.86542189572492,120.6611570247934,122.53851647791042,124.49750025507602,126.53810835629017,128.66034078155292,130.8641975308642,133.14967860422405,135.5167840016325,137.9655137230895,140.49586776859505,143.10784613814917,145.80144883175186,148.57667584940313,151.43352719110294,154.37200285685134,157.3921028466483,160.49382716049382,163.6771757983879,166.94214876033058,170.28874604632182,173.7169676563616,177.22681359044992,180.81828384858687,184.4913784307724,188.24609733700643,192.08244056728904,196.00040812162024],[196.00040812162024,192.00081624324048,188.08284868890928,184.24650545862667,180.49178655239265,176.8186919702071,173.22722171207016,169.71737577798183,166.28915416794206,162.94255688195082,159.67758392000815,156.49423528211406,153.39251096826854,150.37241097847158,147.43393531272318,144.57708397102337,141.8018569533721,139.1082542597694,136.4962758902153,133.96592184470973,131.51719212325273,129.1500867258443,126.86460565248444,124.66074890317314,122.5385164779104,120.49790837669626,118.53892459953066,116.66156514641364,114.86583001734516,113.15171921232526,111.51923273135394,109.96837057443118,108.49913274155698,107.11151923273135,105.80553004795428,104.5811651872258,103.43842465054584,102.3773084379145,101.3978165493317,100.49994898479748,99.6837057443118,98.94908682787472,98.29609223548616,97.7247219671462,97.2349760228548,96.82685440261196,96.50035710641772,96.255484134272,96.09223548617489,96.01061116212632,96.01061116212632,96.09223548617489,96.255484134272,96.50035710641772,96.82685440261196,97.2349760228548,97.7247219671462,98.29609223548616,98.94908682787472,99.6837057443118,100.49994898479748,101.3978165493317,102.3773084379145,103.43842465054584,104.5811651872258,105.80553004795428,107.11151923273135,108.49913274155698,109.96837057443118,111.51923273135394,113.15171921232526,114.86583001734516,116.66156514641364,118.53892459953066,120.49790837669626,122.5385164779104,124.66074890317314,126.86460565248444,129.1500867258443,131.51719212325273,133.96592184470973,136.4962758902153,139.1082542597694,141.8018569533721,144.57708397102337,147.43393531272318,150.37241097847158,153.39251096826854,156.49423528211406,159.67758392000815,162.94255688195082,166.28915416794206,169.71737577798183,173.22722171207016,176.8186919702071,180.49178655239265,184.24650545862667,188.08284868890928,192.00081624324048],[192.08244056728904,188.08284868890928,184.16488113457808,180.32853790429547,176.57381899806143,172.9007244158759,169.30925415773896,165.79940822365063,162.37118661361086,159.02458932761962,155.75961636567695,152.57626772778286,149.47454341393734,146.45444342414038,143.51596775839198,140.65911641669217,137.8838893990409,135.1902867054382,132.5783083358841,130.04795429037853,127.59922456892151,125.2321191715131,122.94663809815324,120.74278134884194,118.6205489235792,116.57994082236506,114.62095704519946,112.74359759208244,110.94786246301396,109.23375165799406,107.60126517702274,106.05040302009998,104.58116518722578,103.19355167840015,101.8875624936231,100.6631976328946,99.52045709621466,98.4593408835833,97.4798489950005,96.58198143046629,95.7657381899806,95.03111927354352,94.37812468115496,93.806754412815,93.3170084685236,92.90888684828076,92.58238955208652,92.3375165799408,92.17426793184369,92.09264360779513,92.09264360779513,92.17426793184369,92.3375165799408,92.58238955208652,92.90888684828076,93.3170084685236,93.806754412815,94.37812468115496,95.03111927354352,95.7657381899806,96.58198143046629,97.4798489950005,98.4593408835833,99.52045709621466,100.6631976328946,101.8875624936231,103.19355167840015,104.58116518722578,106.05040302009998,107.60126517702274,109.23375165799406,110.94786246301396,112.74359759208244,114.62095704519946,116.57994082236506,118.6205489235792,120.74278134884194,122.94663809815324,125.2321191715131,127.59922456892151,130.04795429037853,132.5783083358841,135.1902867054382,137.8838893990409,140.65911641669217,143.51596775839198,146.45444342414038,149.47454341393734,152.57626772778286,155.75961636567695,159.02458932761962,162.37118661361086,165.79940822365063,169.30925415773896,172.9007244158759,176.57381899806143,180.32853790429547,184.16488113457808,188.08284868890928],[188.24609733700643,184.24650545862667,180.32853790429547,176.49219467401286,172.7374757677788,169.0643811855933,165.47291092745638,161.96306499336805,158.53484338332822,155.188246097337,151.92327313539437,148.73992449750023,145.63820018365473,142.61810019385777,139.6796245281094,136.82277318640956,134.0475461687583,131.3539434751556,128.74196510560148,126.21161106009592,123.76288133863892,121.3957759412305,119.11029486787064,116.90643811855934,114.7842056932966,112.74359759208244,110.78461381491684,108.90725436179984,107.11151923273135,105.39740842771144,103.76492194674012,102.21405978981736,100.74482195694316,99.35720844811756,98.05121926334049,96.826854402612,95.68411386593203,94.62299765330069,93.64350576471789,92.74563820018366,91.929394959698,91.1947760432609,90.54178145087236,89.9704111825324,89.480665238241,89.07254361799816,88.7460463218039,88.5011733496582,88.33792470156106,88.2563003775125,88.2563003775125,88.33792470156106,88.5011733496582,88.7460463218039,89.07254361799816,89.480665238241,89.9704111825324,90.54178145087236,91.1947760432609,91.929394959698,92.74563820018366,93.64350576471789,94.62299765330069,95.68411386593203,96.826854402612,98.05121926334049,99.35720844811756,100.74482195694316,102.21405978981736,103.76492194674012,105.39740842771144,107.11151923273135,108.90725436179984,110.78461381491684,112.74359759208244,114.7842056932966,116.90643811855934,119.11029486787064,121.3957759412305,123.76288133863892,126.21161106009592,128.74196510560148,131.3539434751556,134.0475461687583,136.82277318640956,139.6796245281094,142.61810019385777,145.63820018365473,148.73992449750023,151.92327313539437,155.188246097337,158.53484338332822,161.96306499336805,165.47291092745638,169.0643811855933,172.7374757677788,176.49219467401286,180.32853790429547,184.24650545862667],[184.4913784307724,180.49178655239265,176.57381899806143,172.7374757677788,168.98275686154474,165.30966227935926,161.7181920212223,158.20834608713398,154.78012447709418,151.43352719110294,148.1685542291603,144.9852055912662,141.88348127742069,138.86338128762372,135.92490562187533,133.0680542801755,130.2928272625242,127.59922456892154,124.9872461993674,122.45689215386184,120.00816243240484,117.64105703499644,115.35557596163656,113.15171921232528,111.02948678706257,108.9888786858484,107.0298949086828,105.15253545556575,103.3568003264973,101.6426895214774,100.01020304050608,98.45934088358332,96.99010305070912,95.60248954188349,94.29650035710642,93.07213549637792,91.929394959698,90.86827874706664,89.88878685848383,88.9909192939496,88.17467605346394,87.44005713702684,86.7870625446383,86.21569227629834,85.72594633200694,85.3178247117641,84.99132741556984,84.74645444342414,84.583205795327,84.50158147127844,84.50158147127844,84.583205795327,84.74645444342414,84.99132741556984,85.3178247117641,85.72594633200694,86.21569227629834,86.7870625446383,87.44005713702684,88.17467605346394,88.9909192939496,89.88878685848383,90.86827874706664,91.929394959698,93.07213549637792,94.29650035710642,95.60248954188349,96.99010305070912,98.45934088358332,100.01020304050608,101.6426895214774,103.3568003264973,105.15253545556575,107.0298949086828,108.9888786858484,111.02948678706257,113.15171921232528,115.35557596163656,117.64105703499644,120.00816243240484,122.45689215386184,124.9872461993674,127.59922456892154,130.2928272625242,133.0680542801755,135.92490562187533,138.86338128762372,141.88348127742069,144.9852055912662,148.1685542291603,151.43352719110294,154.78012447709418,158.20834608713398,161.7181920212223,165.30966227935926,168.98275686154474,172.7374757677788,176.57381899806143,180.49178655239265],[180.81828384858687,176.8186919702071,172.9007244158759,169.0643811855933,165.30966227935926,161.63656769717377,158.0450974390368,154.53525150494846,151.1070298949087,147.76043260891743,144.49545964697478,141.3121110090807,138.21038669523517,135.1902867054382,132.2518110396898,129.39495969799,126.61973268033871,123.92612998673604,121.31415161718192,118.78379757167636,116.33506785021936,113.96796245281094,111.68248137945108,109.47862463013978,107.35639220487704,105.31578410366288,103.3568003264973,101.47944087338028,99.6837057443118,97.9695949392919,96.33710845832056,94.7862463013978,93.3170084685236,91.929394959698,90.62340577492093,89.39904091419243,88.25630037751249,87.19518416488113,86.21569227629833,85.3178247117641,84.50158147127843,83.76696255484134,83.1139679624528,82.54259769411284,82.05285174982144,81.6447301295786,81.31823283338434,81.07335986123864,80.9101112131415,80.82848688909294,80.82848688909294,80.9101112131415,81.07335986123864,81.31823283338434,81.6447301295786,82.05285174982144,82.54259769411284,83.1139679624528,83.76696255484134,84.50158147127843,85.3178247117641,86.21569227629833,87.19518416488113,88.25630037751249,89.39904091419243,90.62340577492093,91.929394959698,93.3170084685236,94.7862463013978,96.33710845832056,97.9695949392919,99.6837057443118,101.47944087338028,103.3568003264973,105.31578410366288,107.35639220487704,109.47862463013978,111.68248137945108,113.96796245281094,116.33506785021936,118.78379757167636,121.31415161718192,123.92612998673604,126.61973268033871,129.39495969799,132.2518110396898,135.1902867054382,138.21038669523517,141.3121110090807,144.49545964697478,147.76043260891743,151.1070298949087,154.53525150494846,158.0450974390368,161.63656769717377,165.30966227935926,169.0643811855933,172.9007244158759,176.8186919702071],[177.22681359044992,173.22722171207016,169.30925415773896,165.47291092745638,161.7181920212223,158.0450974390368,154.45362718089987,150.94378124681154,147.51555963677174,144.16896235078053,140.90398938883786,137.72064075094374,134.61891643709825,131.59881644730126,128.6603407815529,125.80348943985304,123.0282624222018,120.3346597285991,117.72268135904496,115.1923273135394,112.7435975920824,110.376492194674,108.09101112131412,105.88715437200284,103.76492194674012,101.72431384552596,99.76533006836036,97.88797061524332,96.09223548617486,94.37812468115496,92.74563820018363,91.19477604326087,89.72553821038667,88.33792470156105,87.03193551678399,85.80757065605549,84.66483011937555,83.60371390674419,82.62422201816139,81.72635445362717,80.9101112131415,80.1754922967044,79.52249770431587,78.9511274359759,78.4613814916845,78.05325987144167,77.7267625752474,77.4818896031017,77.31864095500457,77.237016630956,77.237016630956,77.31864095500457,77.4818896031017,77.7267625752474,78.05325987144167,78.4613814916845,78.9511274359759,79.52249770431587,80.1754922967044,80.9101112131415,81.72635445362717,82.62422201816139,83.60371390674419,84.66483011937555,85.80757065605549,87.03193551678399,88.33792470156105,89.72553821038667,91.19477604326087,92.74563820018363,94.37812468115496,96.09223548617486,97.88797061524332,99.76533006836036,101.72431384552596,103.76492194674012,105.88715437200284,108.09101112131412,110.376492194674,112.7435975920824,115.1923273135394,117.72268135904496,120.3346597285991,123.0282624222018,125.80348943985304,128.6603407815529,131.59881644730126,134.61891643709825,137.72064075094374,140.90398938883786,144.16896235078053,147.51555963677174,150.94378124681154,154.45362718089987,158.0450974390368,161.7181920212223,165.47291092745638,169.30925415773896,173.22722171207016],[173.7169676563616,169.71737577798183,165.79940822365063,161.96306499336805,158.20834608713398,154.53525150494846,150.94378124681154,147.4339353127232,144.0057137026834,140.6591164166922,137.39414345474952,134.2107948168554,131.10907050300992,128.08897051321293,125.15049484746456,122.29364350576472,119.51841648811346,116.82481379451076,114.21283542495664,111.68248137945108,109.23375165799408,106.86664626058568,104.5811651872258,102.37730843791452,100.25507601265178,98.21446791143762,96.25548413427202,94.378124681155,92.58238955208652,90.86827874706664,89.2357922660953,87.68493010917254,86.21569227629834,84.82807876747272,83.52208958269566,82.29772472196716,81.15498418528722,80.09386797265586,79.11437608407306,78.21650851953883,77.40026527905317,76.66564636261607,76.01265177022754,75.44128150188757,74.95153555759617,74.54341393735334,74.21691664115907,73.97204366901337,73.80879502091624,73.72717069686767,73.72717069686767,73.80879502091624,73.97204366901337,74.21691664115907,74.54341393735334,74.95153555759617,75.44128150188757,76.01265177022754,76.66564636261607,77.40026527905317,78.21650851953883,79.11437608407306,80.09386797265586,81.15498418528722,82.29772472196716,83.52208958269566,84.82807876747272,86.21569227629834,87.68493010917254,89.2357922660953,90.86827874706664,92.58238955208652,94.378124681155,96.25548413427202,98.21446791143762,100.25507601265178,102.37730843791452,104.5811651872258,106.86664626058568,109.23375165799408,111.68248137945108,114.21283542495664,116.82481379451076,119.51841648811346,122.29364350576472,125.15049484746456,128.08897051321293,131.10907050300992,134.2107948168554,137.39414345474952,140.6591164166922,144.0057137026834,147.4339353127232,150.94378124681154,154.53525150494846,158.20834608713398,161.96306499336805,165.79940822365063,169.71737577798183],[170.28874604632182,166.28915416794206,162.37118661361086,158.53484338332822,154.78012447709418,151.1070298949087,147.51555963677174,144.0057137026834,140.5774920926436,137.23089480665237,133.96592184470973,130.78257320681564,127.68084889297012,124.66074890317314,121.72227323742476,118.86542189572492,116.09019487807366,113.39659218447098,110.78461381491684,108.25425976941128,105.80553004795428,103.43842465054588,101.152943577186,98.94908682787472,96.826854402612,94.78624630139782,92.82726252423222,90.9499030711152,89.15416794204673,87.44005713702683,85.8075706560555,84.25670849913274,82.78747066625854,81.39985715743292,80.09386797265586,78.86950311192736,77.72676257524742,76.66564636261606,75.68615447403326,74.78828690949904,73.97204366901337,73.23742475257627,72.58443016018774,72.01305989184777,71.52331394755637,71.11519232731354,70.78869503111927,70.54382205897357,70.38057341087644,70.29894908682788,70.29894908682788,70.38057341087644,70.54382205897357,70.78869503111927,71.11519232731354,71.52331394755637,72.01305989184777,72.58443016018774,73.23742475257627,73.97204366901337,74.78828690949904,75.68615447403326,76.66564636261606,77.72676257524742,78.86950311192736,80.09386797265586,81.39985715743292,82.78747066625854,84.25670849913274,85.8075706560555,87.44005713702683,89.15416794204673,90.9499030711152,92.82726252423222,94.78624630139782,96.826854402612,98.94908682787472,101.152943577186,103.43842465054588,105.80553004795428,108.25425976941128,110.78461381491684,113.39659218447098,116.09019487807366,118.86542189572492,121.72227323742476,124.66074890317314,127.68084889297012,130.78257320681564,133.96592184470973,137.23089480665237,140.5774920926436,144.0057137026834,147.51555963677174,151.1070298949087,154.78012447709418,158.53484338332822,162.37118661361086,166.28915416794206],[166.94214876033058,162.94255688195082,159.02458932761962,155.188246097337,151.43352719110294,147.76043260891743,144.16896235078053,140.6591164166922,137.23089480665237,133.88429752066116,130.61932455871852,127.4359759208244,124.33425160697888,121.31415161718192,118.37567595143354,115.51882460973373,112.74359759208244,110.04999489847977,107.43801652892564,104.90766248342008,102.45893276196308,100.09182736455465,97.8063462911948,95.60248954188349,93.48025711662076,91.4396490154066,89.480665238241,87.60330578512398,85.8075706560555,84.0934598510356,82.46097337006428,80.91011121314152,79.44087338026732,78.0532598714417,76.74727068666463,75.52290582593614,74.3801652892562,73.31904907662484,72.33955718804204,71.44168962350781,70.62544638302214,69.89082746658505,69.23783287419651,68.66646260585655,68.17671666156515,67.76859504132231,67.44209774512805,67.19722477298235,67.03397612488521,66.95235180083665,66.95235180083665,67.03397612488521,67.19722477298235,67.44209774512805,67.76859504132231,68.17671666156515,68.66646260585655,69.23783287419651,69.89082746658505,70.62544638302214,71.44168962350781,72.33955718804204,73.31904907662484,74.3801652892562,75.52290582593614,76.74727068666463,78.0532598714417,79.44087338026732,80.91011121314152,82.46097337006428,84.0934598510356,85.8075706560555,87.60330578512398,89.480665238241,91.4396490154066,93.48025711662076,95.60248954188349,97.8063462911948,100.09182736455465,102.45893276196308,104.90766248342008,107.43801652892564,110.04999489847977,112.74359759208244,115.51882460973373,118.37567595143354,121.31415161718192,124.33425160697888,127.4359759208244,130.61932455871852,133.88429752066116,137.23089480665237,140.6591164166922,144.16896235078053,147.76043260891743,151.43352719110294,155.188246097337,159.02458932761962,162.94255688195082],[163.6771757983879,159.67758392000815,155.75961636567695,151.92327313539437,148.1685542291603,144.49545964697478,140.90398938883786,137.39414345474952,133.96592184470973,130.61932455871852,127.35435159677584,124.17100295888174,121.06927864503623,118.04917865523926,115.11070298949087,112.25385164779104,109.47862463013978,106.78502193653708,104.17304356698295,101.6426895214774,99.1939598000204,96.826854402612,94.54137332925212,92.33751657994084,90.2152841546781,88.17467605346394,86.21569227629834,84.33833282318132,82.54259769411284,80.82848688909294,79.19600040812162,77.64513825119886,76.17590041832466,74.78828690949904,73.48229772472197,72.25793286399347,71.11519232731354,70.05407611468218,69.07458422609938,68.17671666156515,67.36047342107949,66.62585450464239,65.97285991225385,65.40148964391389,64.91174369962249,64.50362207937965,64.17712478318539,63.93225181103969,63.76900316294256,63.68737883889399,63.68737883889399,63.76900316294256,63.93225181103969,64.17712478318539,64.50362207937965,64.91174369962249,65.40148964391389,65.97285991225385,66.62585450464239,67.36047342107949,68.17671666156515,69.07458422609938,70.05407611468218,71.11519232731354,72.25793286399347,73.48229772472197,74.78828690949904,76.17590041832466,77.64513825119886,79.19600040812162,80.82848688909294,82.54259769411284,84.33833282318132,86.21569227629834,88.17467605346394,90.2152841546781,92.33751657994084,94.54137332925212,96.826854402612,99.1939598000204,101.6426895214774,104.17304356698295,106.78502193653708,109.47862463013978,112.25385164779104,115.11070298949087,118.04917865523926,121.06927864503623,124.17100295888174,127.35435159677584,130.61932455871852,133.96592184470973,137.39414345474952,140.90398938883786,144.49545964697478,148.1685542291603,151.92327313539437,155.75961636567695,159.67758392000815],[160.49382716049382,156.49423528211406,152.57626772778286,148.73992449750023,144.9852055912662,141.3121110090807,137.72064075094374,134.2107948168554,130.78257320681564,127.4359759208244,124.17100295888174,120.98765432098764,117.88593000714212,114.86583001734516,111.92735435159678,109.07050300989695,106.29527599224568,103.601673298643,100.98969492908888,98.45934088358332,96.01061116212632,93.64350576471789,91.35802469135804,89.15416794204673,87.03193551678399,84.99132741556984,83.03234363840424,81.15498418528722,79.35924905621874,77.64513825119884,76.01265177022752,74.46178961330476,72.99255178043056,71.60493827160494,70.29894908682788,69.07458422609938,67.93184368941944,66.87072747678808,65.89123558820528,64.99336802367105,64.17712478318538,63.44250586674829,62.78951127435976,62.21814100601979,61.72839506172839,61.320273441485554,60.99377614529129,60.74890317314559,60.58565452504846,60.50403020099989,60.50403020099989,60.58565452504846,60.74890317314559,60.99377614529129,61.320273441485554,61.72839506172839,62.21814100601979,62.78951127435976,63.44250586674829,64.17712478318538,64.99336802367105,65.89123558820528,66.87072747678808,67.93184368941944,69.07458422609938,70.29894908682788,71.60493827160494,72.99255178043056,74.46178961330476,76.01265177022752,77.64513825119884,79.35924905621874,81.15498418528722,83.03234363840424,84.99132741556984,87.03193551678399,89.15416794204673,91.35802469135804,93.64350576471789,96.01061116212632,98.45934088358332,100.98969492908888,103.601673298643,106.29527599224568,109.07050300989695,111.92735435159678,114.86583001734516,117.88593000714212,120.98765432098764,124.17100295888174,127.4359759208244,130.78257320681564,134.2107948168554,137.72064075094374,141.3121110090807,144.9852055912662,148.73992449750023,152.57626772778286,156.49423528211406],[157.3921028466483,153.39251096826854,149.47454341393734,145.63820018365473,141.88348127742069,138.21038669523517,134.61891643709825,131.10907050300992,127.68084889297012,124.33425160697888,121.06927864503623,117.88593000714212,114.7842056932966,111.76410570349964,108.82563003775128,105.96877869605144,103.19355167840015,100.49994898479748,97.88797061524336,95.3576165697378,92.9088868482808,90.54178145087238,88.2563003775125,86.05244362820122,83.93021120293848,81.88960310172432,79.93061932455872,78.0532598714417,76.25752474237323,74.54341393735334,72.91092745638201,71.36006529945925,69.89082746658505,68.50321395775941,67.19722477298235,65.97285991225385,64.83011937557393,63.76900316294256,62.78951127435977,61.89164370982553,61.07540046933987,60.34078155290277,59.68778696051424,59.11641669217428,58.62667074788288,58.218549127640046,57.89205183144578,57.64717885930008,57.48393021120295,57.40230588715438,57.40230588715438,57.48393021120295,57.64717885930008,57.89205183144578,58.218549127640046,58.62667074788288,59.11641669217428,59.68778696051424,60.34078155290277,61.07540046933987,61.89164370982553,62.78951127435977,63.76900316294256,64.83011937557393,65.97285991225385,67.19722477298235,68.50321395775941,69.89082746658505,71.36006529945925,72.91092745638201,74.54341393735334,76.25752474237323,78.0532598714417,79.93061932455872,81.88960310172432,83.93021120293848,86.05244362820122,88.2563003775125,90.54178145087238,92.9088868482808,95.3576165697378,97.88797061524336,100.49994898479748,103.19355167840015,105.96877869605144,108.82563003775128,111.76410570349964,114.7842056932966,117.88593000714212,121.06927864503623,124.33425160697888,127.68084889297012,131.10907050300992,134.61891643709825,138.21038669523517,141.88348127742069,145.63820018365473,149.47454341393734,153.39251096826854],[154.37200285685134,150.37241097847158,146.45444342414038,142.61810019385777,138.86338128762372,135.1902867054382,131.59881644730126,128.08897051321293,124.66074890317314,121.31415161718192,118.04917865523926,114.86583001734516,111.76410570349964,108.74400571370268,105.80553004795428,102.94867870625448,100.1734516886032,97.47984899500052,94.8678706254464,92.33751657994084,89.88878685848383,87.5216814610754,85.23620038771554,83.03234363840424,80.9101112131415,78.86950311192736,76.91051933476176,75.03315988164474,73.23742475257626,71.52331394755636,69.89082746658504,68.33996530966228,66.87072747678808,65.48311396796245,64.17712478318539,62.95275992245689,61.81001938577696,60.74890317314559,59.76941128456279,58.87154372002856,58.0553004795429,57.3206815631058,56.66768697071727,56.09631670237731,55.60657075808591,55.19844913784307,54.87195184164881,54.62707886950311,54.46383022140598,54.38220589735741,54.38220589735741,54.46383022140598,54.62707886950311,54.87195184164881,55.19844913784307,55.60657075808591,56.09631670237731,56.66768697071727,57.3206815631058,58.0553004795429,58.87154372002856,59.76941128456279,60.74890317314559,61.81001938577696,62.95275992245689,64.17712478318539,65.48311396796245,66.87072747678808,68.33996530966228,69.89082746658504,71.52331394755636,73.23742475257626,75.03315988164474,76.91051933476176,78.86950311192736,80.9101112131415,83.03234363840424,85.23620038771554,87.5216814610754,89.88878685848383,92.33751657994084,94.8678706254464,97.47984899500052,100.1734516886032,102.94867870625448,105.80553004795428,108.74400571370268,111.76410570349964,114.86583001734516,118.04917865523926,121.31415161718192,124.66074890317314,128.08897051321293,131.59881644730126,135.1902867054382,138.86338128762372,142.61810019385777,146.45444342414038,150.37241097847158],[151.43352719110294,147.43393531272318,143.51596775839198,139.6796245281094,135.92490562187533,132.2518110396898,128.6603407815529,125.15049484746456,121.72227323742476,118.37567595143354,115.11070298949087,111.92735435159678,108.82563003775128,105.80553004795428,102.86705438220592,100.01020304050608,97.2349760228548,94.54137332925212,91.929394959698,89.39904091419243,86.95031119273543,84.58320579532702,82.29772472196714,80.09386797265586,77.97163554739313,75.93102744617897,73.97204366901337,72.09468421589635,70.29894908682788,68.58483828180798,66.95235180083665,65.40148964391389,63.93225181103969,62.54463830221407,61.23864911743701,60.01428425670851,58.87154372002857,57.81042750739721,56.83093561881441,55.93306805428018,55.11682481379452,54.382205897357416,53.729211304968885,53.15784103662892,52.66809509233752,52.259973472094686,51.93347617590042,51.68860320375472,51.52535455565759,51.443730231609024,51.443730231609024,51.52535455565759,51.68860320375472,51.93347617590042,52.259973472094686,52.66809509233752,53.15784103662892,53.729211304968885,54.382205897357416,55.11682481379452,55.93306805428018,56.83093561881441,57.81042750739721,58.87154372002857,60.01428425670851,61.23864911743701,62.54463830221407,63.93225181103969,65.40148964391389,66.95235180083665,68.58483828180798,70.29894908682788,72.09468421589635,73.97204366901337,75.93102744617897,77.97163554739313,80.09386797265586,82.29772472196714,84.58320579532702,86.95031119273543,89.39904091419243,91.929394959698,94.54137332925212,97.2349760228548,100.01020304050608,102.86705438220592,105.80553004795428,108.82563003775128,111.92735435159678,115.11070298949087,118.37567595143354,121.72227323742476,125.15049484746456,128.6603407815529,132.2518110396898,135.92490562187533,139.6796245281094,143.51596775839198,147.43393531272318],[148.57667584940313,144.57708397102337,140.65911641669217,136.82277318640956,133.0680542801755,129.39495969799,125.80348943985304,122.29364350576472,118.86542189572492,115.51882460973373,112.25385164779104,109.07050300989695,105.96877869605144,102.94867870625448,100.01020304050608,97.15335169880623,94.378124681155,91.6845219875523,89.07254361799816,86.5421895724926,84.0934598510356,81.72635445362718,79.44087338026732,77.23701663095603,75.1147842056933,73.07417610447914,71.11519232731354,69.23783287419651,67.44209774512805,65.72798694010815,64.09550045913683,62.54463830221406,61.07540046933987,59.68778696051424,58.38179777573717,57.15743291500868,56.014692378328746,54.95357616569738,53.974084277114585,53.07621671258035,52.259973472094686,51.52535455565759,50.872359963269055,50.30098969492909,49.81124375063769,49.40312213039486,49.076624834200594,48.831751862054894,48.66850321395776,48.5868788899092,48.5868788899092,48.66850321395776,48.831751862054894,49.076624834200594,49.40312213039486,49.81124375063769,50.30098969492909,50.872359963269055,51.52535455565759,52.259973472094686,53.07621671258035,53.974084277114585,54.95357616569738,56.014692378328746,57.15743291500868,58.38179777573717,59.68778696051424,61.07540046933987,62.54463830221406,64.09550045913683,65.72798694010815,67.44209774512805,69.23783287419651,71.11519232731354,73.07417610447914,75.1147842056933,77.23701663095603,79.44087338026732,81.72635445362718,84.0934598510356,86.5421895724926,89.07254361799816,91.6845219875523,94.378124681155,97.15335169880623,100.01020304050608,102.94867870625448,105.96877869605144,109.07050300989695,112.25385164779104,115.51882460973373,118.86542189572492,122.29364350576472,125.80348943985304,129.39495969799,133.0680542801755,136.82277318640956,140.65911641669217,144.57708397102337],[145.80144883175186,141.8018569533721,137.8838893990409,134.0475461687583,130.2928272625242,126.61973268033871,123.0282624222018,119.51841648811346,116.09019487807366,112.74359759208244,109.47862463013978,106.29527599224568,103.19355167840015,100.1734516886032,97.2349760228548,94.378124681155,91.60289766350373,88.90929496990103,86.2973166003469,83.76696255484134,81.31823283338434,78.95112743597592,76.66564636261606,74.46178961330476,72.33955718804202,70.29894908682788,68.33996530966228,66.46260585654525,64.66687072747678,62.95275992245688,61.320273441485554,59.76941128456279,58.30017345168859,56.91255994286297,55.60657075808591,54.38220589735741,53.23946536067747,52.17834914804611,51.19885725946331,50.30098969492908,49.48474645444342,48.75012753800632,48.09713294561779,47.52576267727783,47.036016732986425,46.62789511274359,46.301397816549326,46.056524844403626,45.893276196306495,45.811651872257926,45.811651872257926,45.893276196306495,46.056524844403626,46.301397816549326,46.62789511274359,47.036016732986425,47.52576267727783,48.09713294561779,48.75012753800632,49.48474645444342,50.30098969492908,51.19885725946331,52.17834914804611,53.23946536067747,54.38220589735741,55.60657075808591,56.91255994286297,58.30017345168859,59.76941128456279,61.320273441485554,62.95275992245688,64.66687072747678,66.46260585654525,68.33996530966228,70.29894908682788,72.33955718804202,74.46178961330476,76.66564636261606,78.95112743597592,81.31823283338434,83.76696255484134,86.2973166003469,88.90929496990103,91.60289766350373,94.378124681155,97.2349760228548,100.1734516886032,103.19355167840015,106.29527599224568,109.47862463013978,112.74359759208244,116.09019487807366,119.51841648811346,123.0282624222018,126.61973268033871,130.2928272625242,134.0475461687583,137.8838893990409,141.8018569533721],[143.10784613814917,139.1082542597694,135.1902867054382,131.3539434751556,127.59922456892154,123.92612998673604,120.3346597285991,116.82481379451076,113.39659218447098,110.04999489847977,106.78502193653708,103.601673298643,100.49994898479748,97.47984899500052,94.54137332925212,91.6845219875523,88.90929496990103,86.21569227629834,83.60371390674422,81.07335986123866,78.62463013978166,76.25752474237323,73.97204366901337,71.76818691970207,69.64595449443934,67.60534639322519,65.64636261605959,63.76900316294257,61.97326803387409,60.25915722885419,58.62667074788287,57.07580859096011,55.60657075808591,54.218957249260285,52.91296806448322,51.68860320375472,50.54586266707479,49.48474645444343,48.50525456586063,47.6073870013264,46.79114376084073,46.05652484440363,45.4035302520151,44.83215998367514,44.34241403938374,43.9342924191409,43.60779512294664,43.36292215080094,43.19967350270381,43.11804917865524,43.11804917865524,43.19967350270381,43.36292215080094,43.60779512294664,43.9342924191409,44.34241403938374,44.83215998367514,45.4035302520151,46.05652484440363,46.79114376084073,47.6073870013264,48.50525456586063,49.48474645444343,50.54586266707479,51.68860320375472,52.91296806448322,54.218957249260285,55.60657075808591,57.07580859096011,58.62667074788287,60.25915722885419,61.97326803387409,63.76900316294257,65.64636261605959,67.60534639322519,69.64595449443934,71.76818691970207,73.97204366901337,76.25752474237323,78.62463013978166,81.07335986123866,83.60371390674422,86.21569227629834,88.90929496990103,91.6845219875523,94.54137332925212,97.47984899500052,100.49994898479748,103.601673298643,106.78502193653708,110.04999489847977,113.39659218447098,116.82481379451076,120.3346597285991,123.92612998673604,127.59922456892154,131.3539434751556,135.1902867054382,139.1082542597694],[140.49586776859505,136.4962758902153,132.5783083358841,128.74196510560148,124.9872461993674,121.31415161718192,117.72268135904496,114.21283542495664,110.78461381491684,107.43801652892564,104.17304356698295,100.98969492908888,97.88797061524336,94.8678706254464,91.929394959698,89.07254361799816,86.2973166003469,83.60371390674422,80.99173553719008,78.46138149168452,76.01265177022752,73.6455463728191,71.36006529945924,69.15620855014795,67.03397612488521,64.99336802367105,63.034384246505454,61.15702479338843,59.36128966431997,57.64717885930007,56.01469237832874,54.46383022140598,52.994592388531785,51.60697887970616,50.300989694929086,49.076624834200594,47.93388429752066,46.872768084889294,45.8932761963065,44.99540863177226,44.1791653912866,43.4445464748495,42.79155188246097,42.22018161412101,41.73043566982961,41.32231404958678,40.99581675339251,40.75094378124681,40.58769513314968,40.50607080910111,40.50607080910111,40.58769513314968,40.75094378124681,40.99581675339251,41.32231404958678,41.73043566982961,42.22018161412101,42.79155188246097,43.4445464748495,44.1791653912866,44.99540863177226,45.8932761963065,46.872768084889294,47.93388429752066,49.076624834200594,50.300989694929086,51.60697887970616,52.994592388531785,54.46383022140598,56.01469237832874,57.64717885930007,59.36128966431997,61.15702479338843,63.034384246505454,64.99336802367105,67.03397612488521,69.15620855014795,71.36006529945924,73.6455463728191,76.01265177022752,78.46138149168452,80.99173553719008,83.60371390674422,86.2973166003469,89.07254361799816,91.929394959698,94.8678706254464,97.88797061524336,100.98969492908888,104.17304356698295,107.43801652892564,110.78461381491684,114.21283542495664,117.72268135904496,121.31415161718192,124.9872461993674,128.74196510560148,132.5783083358841,136.4962758902153],[137.9655137230895,133.96592184470973,130.04795429037853,126.21161106009592,122.45689215386184,118.78379757167636,115.1923273135394,111.68248137945108,108.25425976941128,104.90766248342008,101.6426895214774,98.45934088358332,95.3576165697378,92.33751657994084,89.39904091419243,86.5421895724926,83.76696255484134,81.07335986123866,78.46138149168452,75.93102744617896,73.48229772472196,71.11519232731354,68.82971125395368,66.62585450464239,64.50362207937965,62.46301397816549,60.50403020099989,58.62667074788287,56.83093561881441,55.11682481379451,53.48433833282318,51.93347617590042,50.464238343026224,49.076624834200594,47.770635649423525,46.54627078869503,45.4035302520151,44.34241403938373,43.36292215080094,42.4650545862667,41.64881134578104,40.91419242934394,40.26119783695541,39.68982756861545,39.20008162432405,38.79196000408122,38.46546270788695,38.22058973574125,38.05734108764412,37.97571676359555,37.97571676359555,38.05734108764412,38.22058973574125,38.46546270788695,38.79196000408122,39.20008162432405,39.68982756861545,40.26119783695541,40.91419242934394,41.64881134578104,42.4650545862667,43.36292215080094,44.34241403938373,45.4035302520151,46.54627078869503,47.770635649423525,49.076624834200594,50.464238343026224,51.93347617590042,53.48433833282318,55.11682481379451,56.83093561881441,58.62667074788287,60.50403020099989,62.46301397816549,64.50362207937965,66.62585450464239,68.82971125395368,71.11519232731354,73.48229772472196,75.93102744617896,78.46138149168452,81.07335986123866,83.76696255484134,86.5421895724926,89.39904091419243,92.33751657994084,95.3576165697378,98.45934088358332,101.6426895214774,104.90766248342008,108.25425976941128,111.68248137945108,115.1923273135394,118.78379757167636,122.45689215386184,126.21161106009592,130.04795429037853,133.96592184470973],[135.5167840016325,131.51719212325273,127.59922456892151,123.76288133863892,120.00816243240484,116.3350